cam0:
  cam_overlaps: [1]
  camera_model: pinhole
  distortion_coeffs: [0.06374466053311506, -0.12663780190208831, 0.0023468754562595818,
    -0.004734585494584421]
  distortion_model: radtan
  intrinsics: [511.61958842351885, 508.8872612753615, 285.0745619486068, 258.66206095371444]
  resolution: [640, 480]
  rostopic: /anahita/left/image_raw
cam1:
  T_cn_cnm1:
  - [0.999390807691811, -0.010640698806673853, -0.03323836683745727, -0.09164905635970202]
  - [0.010285916110013955, 0.9998884849091735, -0.010826711219077528, -0.0007507964250050565]
  - [0.03334986403110941, 0.010478228616955894, 0.9993888098703945, -0.003571601872143246]
  - [0.0, 0.0, 0.0, 1.0]
  cam_overlaps: [0]
  camera_model: pinhole
  distortion_coeffs: [0.07660410703581948, -0.14697543635345578, 0.000604465674302824,
    0.003054046211885503]
  distortion_model: radtan
  intrinsics: [501.8992257888008, 499.44002461353926, 327.1614055400844, 254.13768420757577]
  resolution: [640, 480]
  rostopic: /anahita/right/image_raw
