# oST version 5.0 parameters


[image]

width
640

height
480

[narrow_stereo/left]

camera matrix
507.905691 0.000000 288.821468
0.000000 509.617352 256.374664
0.000000 0.000000 1.000000

distortion
0.068117 -0.150102 0.000432 0.002980 0.000000

rectification
0.998175 -0.006043 -0.060079
0.006168 0.999979 0.001896
0.060066 -0.002263 0.998192

projection
536.960954 0.000000 347.108585 0.000000
0.000000 536.960954 260.455523 0.000000
0.000000 0.000000 1.000000 0.000000

# oST version 5.0 parameters


[image]

width
640

height
480

[narrow_stereo/right]

camera matrix
508.771398 0.000000 326.570343
0.000000 509.881950 258.607102
0.000000 0.000000 1.000000

distortion
0.072507 -0.160544 0.003914 0.002196 0.000000

rectification
0.998766 0.014247 -0.047584
-0.014346 0.999896 -0.001740
0.047554 0.002420 0.998866

projection
536.960954 0.000000 347.108585 -48.744443
0.000000 536.960954 260.455523 0.000000
0.000000 0.000000 1.000000 0.000000

