image_width: 640
image_height: 480
camera_name: narrow_stereo/left
camera_matrix:
  rows: 3
  cols: 3
<<<<<<< HEAD
  data: [509.1810293948491, 0.0, 329.6996826114546, 0.0, 489.7219438561515, 243.26037641451043, 0.0, 0.0, 1.0]
distortion_model: plump_bob
distortion_coefficients:
  rows: 1
  cols: 4
  data: [0.04326812476753947, -0.08615954559342467, 0.0033565611854768436,
    0.002896274233043043]
=======
  data: [507.905691, 0.000000, 288.821468, 0.000000, 509.617352, 256.374664, 0.000000, 0.000000, 1.000000]
distortion_model: plumb_bob
distortion_coefficients:
  rows: 1
  cols: 5
  data: [0.068117, -0.150102, 0.000432, 0.002980, 0.000000]
>>>>>>> bf0b57b504b17bb9c772ef3f149b402739f3c7b0
rectification_matrix:
  rows: 3
  cols: 3
  data: [0.998175, -0.006043, -0.060079, 0.006168, 0.999979, 0.001896, 0.060066, -0.002263, 0.998192]
projection_matrix:
  rows: 3
  cols: 4
  data: [536.960954, 0.000000, 347.108585, 0.000000, 0.000000, 536.960954, 260.455523, 0.000000, 0.000000, 0.000000, 1.000000, 0.000000]
<<<<<<< HEAD

=======
>>>>>>> bf0b57b504b17bb9c772ef3f149b402739f3c7b0
