calibration_Time: "Monday 27 May 2019 01:00:01 PM IST"
nrOfFrames: 25
image_Width: 640
image_Height: 480
board_Width: 7
board_Height: 9
square_Size: 20.
FixAspectRatio: 1.
# flags:  +fix_aspectRatio +fix_principal_point +zero_tangent_dist
flagValue: 14
Camera_Matrix: !!opencv-matrix
   rows: 3
   cols: 3
   dt: d
   data: [ 5.1632124091881735e+02, 0., 320., 0., 5.1632124091881735e+02,
       240., 0., 0., 1. ]
Distortion_Coefficients: !!opencv-matrix
   rows: 5
   cols: 1
   dt: d
   data: [ 1.0348426819860657e-01, -4.1711479200838675e-01, 0., 0.,
       3.9711850930963466e-01 ]
Avg_Reprojection_Error: 6.8770575804883138e-01
Per_View_Reprojection_Errors: !!opencv-matrix
   rows: 25
   cols: 1
   dt: f
   data: [ 5.03774583e-01, 4.32927579e-01, 3.75336647e-01,
       3.90544832e-01, 3.32299918e-01, 3.16760421e-01, 4.00699824e-01,
       3.45929027e-01, 3.01385880e-01, 2.84123063e-01, 4.01257068e-01,
       3.75460625e-01, 2.65625030e-01, 3.10922384e-01, 2.55182862e-01,
       2.42760926e-01, 2.38952875e-01, 2.28092805e-01, 4.53820556e-01,
       5.19010484e-01, 6.18891299e-01, 1.21812034e+00, 1.37752485e+00,
       1.64218235e+00, 1.66955864e+00 ]
# a set of 6-tuples (rotation vector + translation vector) for each view
Extrinsic_Parameters: !!opencv-matrix
   rows: 25
   cols: 6
   dt: d
   data: [ -9.7182950688057407e-02, 1.4138839362152530e-01,
       2.9835008506893801e-01, 2.0403371567788746e+01,
       -1.5893115651627693e+02, 3.5940585926390833e+02,
       -1.5554386764023459e-01, 9.9378330533564638e-02,
       3.1269027925282694e-01, 1.4944412806157596e+01,
       -1.3975026850814388e+02, 3.7271341213085918e+02,
       -1.5474058631236098e-01, 8.8494521632897394e-02,
       3.2062131890353990e-01, 1.4050373795958844e+01,
       -1.3747731307288186e+02, 3.7525706291713630e+02,
       -1.6642218003536136e-01, 5.7022013925277892e-02,
       3.2914353737983970e-01, 1.0100947512387664e+01,
       -1.2931527098659751e+02, 3.8583652997156736e+02,
       -1.8799732003034389e-01, 2.4859450143060392e-02,
       3.4369906993077548e-01, 8.9049844334641488e+00,
       -1.1961606387698714e+02, 4.0306388933629211e+02,
       -2.1102287854153506e-01, 4.3715009937213166e-03,
       3.4107533634933446e-01, 7.9040404302463436e+00,
       -1.1574598213061051e+02, 4.2461286798063935e+02,
       -2.0795302331250889e-01, 6.5809439307148183e-03,
       3.4363351757508664e-01, 5.1604081509718629e+00,
       -1.1395148383047076e+02, 4.3448455991513816e+02,
       -2.3498031088140328e-01, -5.0964634960063947e-02,
       3.5961920763764021e-01, -1.1753290799720050e+01,
       -1.0762722003575608e+02, 4.4914729350917776e+02,
       -2.5850117429880520e-01, -1.1218826721696259e-01,
       4.0263708629095185e-01, -2.0382590076313480e+01,
       -1.0064254319133393e+02, 4.5792088926165866e+02,
       -3.2679373341691703e-01, -1.8888086094157591e-01,
       5.1923289630728298e-01, -1.5018177159470904e+01,
       -8.7099346301236679e+01, 4.7468190668114772e+02,
       -3.6502392185156451e-01, -2.0843721338052057e-01,
       5.6197949698228800e-01, -1.0970278851368256e+01,
       -8.0896759446340766e+01, 4.9207946999880647e+02,
       -3.2816787623969451e-01, -1.8376563316310615e-01,
       4.9824451141281634e-01, -3.2121525709624117e+00,
       -8.5836938365575435e+01, 4.8898618486073406e+02,
       -3.8061256040680996e-01, -4.6685002343825867e-02,
       4.4709839061842760e-01, 2.0677110845747709e+01,
       -3.9597384769757291e+01, 5.4551378773823603e+02,
       -3.6591932284590784e-01, -3.6677780551281812e-02,
       4.4009603856318413e-01, 1.7581110453182923e+01,
       -4.1496797202984077e+01, 5.7199122933895819e+02,
       -3.7508745398583132e-01, -5.4317126287419921e-02,
       4.3192978357935835e-01, 1.0391697452727781e+01,
       -4.0670417323469117e+01, 5.8842504233907368e+02,
       -3.8772308527515165e-01, -7.3685270027011224e-02,
       4.2902018218676236e-01, 5.2271033786938892e+00,
       -3.8150529886082921e+01, 6.0919106393119273e+02,
       -3.9091752370244426e-01, -7.3498732120444055e-02,
       4.2622177547946671e-01, 2.2836692086024173e+00,
       -3.6458807098375068e+01, 6.2371440674936582e+02,
       -3.8667185240063723e-01, -8.9199022738031639e-02,
       4.1416663687257521e-01, -8.4572433563548728e+00,
       -3.6912715668938823e+01, 6.3686201586948766e+02,
       -4.2994388374164766e-01, -1.1405994643665322e-01,
       4.1315643452662448e-01, -3.3491382041035344e+01,
       -1.5454297675127226e+01, 6.7248455863334709e+02,
       -4.3308105209083775e-01, -1.2898155387859811e-01,
       4.1391543774959261e-01, -4.1738433046741449e+01,
       -1.3074343440905153e+01, 6.8775606031952736e+02,
       -4.4015642581816156e-01, -1.3276855288514577e-01,
       4.1802209361351278e-01, -4.0322576243072966e+01,
       -1.1767502448929397e+01, 6.9508064849039897e+02,
       -4.6269679769706795e-01, -1.3339208250277398e-01,
       4.1331765038914253e-01, -3.5431984368617307e+01,
       -1.8396494415409187e+01, 7.0774755310901730e+02,
       -4.3749443157481366e-01, -1.2105038067158383e-01,
       4.0651967344895379e-01, -3.5457951081148074e+01,
       -2.4165137088043881e+01, 7.1454865176320277e+02,
       -4.4580899443718625e-01, -1.5626003238290118e-01,
       4.0253652088535985e-01, -4.5936771021185812e+01,
       -2.0925060644695570e+01, 7.2412808426208665e+02,
       -4.6322491803659960e-01, -1.4558269253490433e-01,
       3.9506284290968696e-01, -5.4432446301301866e+01,
       -1.3794836713349360e+01, 7.3651672763400302e+02 ]
